0.790201 0.00555241 0.204247
0.929181 0.0123896 0.0584293
0.937706 0.0193662 0.0429273
0.946275 0.0180992 0.0356258
0.730335 9.9991E-05 0.269565
0.799366 9.9991E-05 0.200534
0.801623 9.9991E-05 0.198277
0.736051 9.9991E-05 0.263849
0.904781 0.0157781 0.079441
0.933126 0.032273 0.0346014
0.864229 0.0171725 0.118598
0.910124 0.0103779 0.0794985
0.987574 0.0123261 9.9991E-05
0.686932 0.0331681 0.2799
0.864818 0.0495256 0.0856565
0.131308 0.0139276 0.854764
0.82163 9.9991E-05 0.17827
0.71208 0.022152 0.265768
0.776799 9.9991E-05 0.223101
0.876644 9.9991E-05 0.123256
0.058736 9.9991E-05 0.941164
0.184391 0.0020506 0.813558
0.177151 0.000486463 0.822362
0.2623 0.0190276 0.718673
0.0701564 9.9991E-05 0.929744
0.078377 9.9991E-05 0.921523
0.147015 9.9991E-05 0.852885
0.193584 9.9991E-05 0.806316
9.9991E-05 0.00345775 0.996442
0.215523 9.9991E-05 0.784377
0.15703 9.9991E-05 0.84287
0.145598 9.9991E-05 0.854302
0.104532 0.00151566 0.893952
0.175703 9.9991E-05 0.824197
9.9991E-05 0.00228982 0.99761
9.9991E-05 0.0119916 0.987908
9.9991E-05 0.000452393 0.999448
0.14662 0.0135899 0.83979
9.9991E-05 0.0216456 0.978254
0.93579 0.0302893 0.0339205
0.912356 0.0231638 0.0644799
0.932733 0.0185851 0.0486815
0.9689 0.00234504 0.0287549
0.961581 0.0383186 9.9991E-05
0.879285 0.022926 0.0977893
0.879415 0.0140658 0.10652
0.955508 0.044392 9.9991E-05
0.93767 0.0578161 0.00451389
0.964063 0.0358373 9.9991E-05
0.877596 0.0384048 0.0839993
0.948508 0.0223582 0.029134
0.961696 0.038204 9.9991E-05
0.966342 0.0335582 9.9991E-05
0.969312 0.0305883 9.9991E-05
0.981717 0.0181831 9.9991E-05
0.931433 0.0390323 0.0295343
0.923096 0.0645553 0.012349
0.0739236 0.00293139 0.923145
0.306499 9.9991E-05 0.693401
0.232204 0.0098725 0.757924
0.318387 0.0258568 0.655756
0.0769307 9.9991E-05 0.922969
0.155492 9.9991E-05 0.844408
9.9991E-05 0.035763 0.964137
0.211524 0.00855159 0.779924
0.122777 9.9991E-05 0.877123
0.357952 9.9991E-05 0.641948
0.152346 9.9991E-05 0.847554
0.243405 9.9991E-05 0.756495
0.27723 0.00846449 0.714305
0.30264 9.9991E-05 0.69726
0.199935 9.9991E-05 0.799965
0.379528 9.9991E-05 0.620372
0.00207149 9.9991E-05 0.997829
0.122716 0.00399237 0.873292
0.316732 0.00553704 0.677731
0.379454 9.9991E-05 0.620446
0.100174 9.9991E-05 0.899726
0.310487 9.9991E-05 0.689413
0.245692 0.00823366 0.746074
0.249506 0.00774891 0.742745
0.295326 9.9991E-05 0.704574
9.999E-05 9.999E-05 0.9998
0.267849 0.0177706 0.714381
0.24854 0.00867403 0.742786
0.283612 9.9991E-05 0.716288
0.694161 9.9991E-05 0.305739
0.076202 0.0186456 0.905152
0.267052 0.0123842 0.720564
0.385798 9.9991E-05 0.614102
0.339948 9.9991E-05 0.659952
0.678815 9.9991E-05 0.321085
0.293259 0.0144274 0.692314
0.255068 9.9991E-05 0.744832
0.305189 0.0109091 0.683902
0.227573 9.9991E-05 0.772327
0.705889 9.9991E-05 0.294011
0.21177 0.0126271 0.775603
0.356473 9.9991E-05 0.643427
0.281739 0.00117496 0.717086
0.28521 9.9991E-05 0.71469
0.696642 9.9991E-05 0.303258
0.280434 9.9991E-05 0.719466
0.233961 0.0276482 0.738391
0.233637 9.9991E-05 0.766263
0.61948 9.9991E-05 0.38042
0.683419 0.00555139 0.31103
0.242168 9.9991E-05 0.757732
0.623916 0.0316152 0.344469
0.708186 9.9991E-05 0.291714
0.342301 0.00904098 0.648658
0.781303 9.9991E-05 0.218597
0.575635 9.9991E-05 0.424265
0.443517 0.0425091 0.513974
0.806836 0.0069793 0.186185
0.795512 9.9991E-05 0.204388
0.811641 0.0111622 0.177196
0.450243 9.9991E-05 0.549657
0.685357 0.0106006 0.304042
0.719654 9.9991E-05 0.280246
0.779526 9.9991E-05 0.220374
0.431321 9.9991E-05 0.568579
0.589085 9.9991E-05 0.410815
0.770918 9.9991E-05 0.228982
0.396288 9.9991E-05 0.603612
0.751608 9.9991E-05 0.248292
0.871293 9.9991E-05 0.128607
0.740422 9.9991E-05 0.259478
0.625446 9.9991E-05 0.374454
0.705557 9.9991E-05 0.294343
0.662075 9.9991E-05 0.337825
0.835851 9.9991E-05 0.164049
0.395748 9.9991E-05 0.604152
0.654449 9.9991E-05 0.345451
0.423839 0.00377067 0.572391
0.770279 9.9991E-05 0.229621
0.300444 9.9991E-05 0.699456
0.825798 9.9991E-05 0.174102
0.861247 9.9991E-05 0.138653
0.68835 0.00161413 0.310036
0.810635 0.00897778 0.180387
0.743524 9.9991E-05 0.256376
0.757721 0.00567642 0.236603
0.80438 9.9991E-05 0.19552
0.86503 0.000947555 0.134022
0.705332 0.00311543 0.291553
0.789755 9.9991E-05 0.210145
0.653858 9.9991E-05 0.346042
0.702184 9.9991E-05 0.297716
0.733456 9.9991E-05 0.266444
0.789614 9.9991E-05 0.210286
0.738766 9.9991E-05 0.261134
0.743375 9.9991E-05 0.256525
0.767898 0.00251069 0.229591
0.618223 9.9991E-05 0.381677
0.815763 0.0215516 0.162685
0.813057 0.0137598 0.173183
0.811176 0.0100892 0.178735
0.878653 0.0311521 0.090195
0.892713 0.0322902 0.0749969
0.888295 0.0319734 0.0797319
0.918508 0.0389105 0.0425813
0.875863 0.00770172 0.116435
0.889287 0.00424068 0.106472
0.932359 0.0384841 0.0291566
0.968277 0.031623 9.9991E-05
0.863809 9.9991E-05 0.136091
0.865598 0.027669 0.106733
0.921837 0.0108469 0.0673164
0.879908 0.0358755 0.0842169
0.837715 0.029301 0.132984
0.940856 0.0220267 0.037117
0.915612 0.0370514 0.0473363
0.822469 0.0183307 0.1592
0.744579 0.0294974 0.225924
0.97787 9.9991E-05 0.0220295
0.929129 0.0346218 0.0362494
0.897194 0.0353423 0.0674639
0.967058 0.0143409 0.0186013
0.789337 0.01582 0.194843
0.0368313 9.9991E-05 0.963069
0.0485089 0.00391119 0.94758
0.137605 9.9991E-05 0.862295
0.176855 9.9991E-05 0.823045
9.9991E-05 0.00920546 0.990695
0.174606 9.9991E-05 0.825294
0.113095 9.9991E-05 0.886805
0.16104 9.9991E-05 0.83886
0.102604 0.0205046 0.876891
9.9991E-05 0.00124663 0.998653
0.0291254 0.0313796 0.939495
0.0180108 0.0177554 0.964234
0.424883 0.0507756 0.524341
0.0205298 0.0230592 0.956411
0.0518241 9.9991E-05 0.948076
0.377398 0.0157538 0.606848
9.9991E-05 0.0344466 0.965453
9.999E-05 9.999E-05 0.9998
9.999E-05 9.999E-05 0.9998
0.884471 9.9991E-05 0.115429
0.644879 9.9991E-05 0.355021
0.811917 9.9991E-05 0.187983
0.148885 0.851015 9.9991E-05
0.0169468 0.837554 0.145499
9.999E-05 0.9998 9.999E-05
9.999E-05 0.9998 9.999E-05
0.427969 0.238795 0.333237
0.174754 0.813058 0.0121884
0.230383 0.769517 9.9991E-05
9.9991E-05 0.8917 0.1082
0.166217 0.822855 0.0109285
0.171175 0.810697 0.0181285
0.194486 0.805414 9.9991E-05
0.199234 0.800666 9.9991E-05
0.0199358 0.942873 0.0371916
9.999E-05 0.9998 9.999E-05
9.999E-05 0.9998 9.999E-05
