9.9991E-05 0.205325 0.794575
0.0110207 0.0655123 0.923467
0.021012 0.0574835 0.921505
0.00143271 0.0395305 0.959037
9.9991E-05 0.292777 0.707123
0.000902565 0.197392 0.801705
0.00191125 0.213814 0.784275
9.999E-05 0.237958 0.761942
0.0137421 0.0431678 0.94309
0.0347759 0.0463333 0.918891
0.01987 0.134403 0.845727
0.0103592 0.0492964 0.940344
0.013491 9.9991E-05 0.986409
0.0101612 0.291338 0.698501
0.0572989 0.104925 0.837776
0.0116296 0.849141 0.139229
9.9991E-05 0.1746 0.8253
0.0109331 0.272536 0.716531
9.9991E-05 0.261085 0.738815
9.9991E-05 0.0858497 0.91405
9.9991E-05 0.932043 0.067857
9.9991E-05 0.834561 0.165339
9.9991E-05 0.828678 0.171222
0.00717012 0.747586 0.245244
9.9991E-05 0.914617 0.0852828
9.9991E-05 0.937024 0.0628763
9.9991E-05 0.861733 0.138167
9.9991E-05 0.846527 0.153373
0.0113489 0.988551 9.9991E-05
9.9991E-05 0.770398 0.229502
9.9991E-05 0.846606 0.153294
9.9991E-05 0.851778 0.148122
0.00149223 0.917839 0.0806692
9.9991E-05 0.880274 0.119626
9.999E-05 0.9998 9.999E-05
0.0102559 0.989644 9.9991E-05
9.999E-05 0.9998 9.999E-05
0.00255607 0.840779 0.156665
0.0235262 0.976374 9.9991E-05
0.0345342 0.0280922 0.937374
0.0282874 0.0843602 0.887352
0.0202726 0.0360452 0.943682
0.00441981 0.0352496 0.960331
0.0299709 9.9991E-05 0.969929
0.0325 0.0635905 0.903909
0.0118835 0.0692007 0.918916
0.0465091 9.9991E-05 0.953391
0.0456345 9.9991E-05 0.954266
0.0400319 9.9991E-05 0.959868
0.0393414 0.0904887 0.87017
0.0242062 0.0169299 0.958864
0.0261616 9.9991E-05 0.973738
0.0350541 0.00743553 0.95751
0.0303639 9.9991E-05 0.969536
0.00446205 9.9991E-05 0.995438
0.0411605 0.0167974 0.942042
0.0634874 0.00742811 0.929085
0.00920762 0.949536 0.0412563
9.9991E-05 0.702477 0.297423
0.010171 0.788673 0.201156
0.0196224 0.593005 0.387373
9.9991E-05 0.896788 0.103112
9.9991E-05 0.825084 0.174816
0.044334 0.955566 9.9991E-05
0.00433611 0.80419 0.191474
9.9991E-05 0.898407 0.101493
9.9991E-05 0.674296 0.325604
9.9991E-05 0.839551 0.160349
9.9991E-05 0.776892 0.223008
0.00530903 0.72334 0.271351
9.9991E-05 0.680823 0.319077
9.9991E-05 0.806296 0.193604
9.9991E-05 0.605545 0.394355
9.999E-05 0.9998 9.999E-05
0.00466267 0.866214 0.129124
0.00383597 0.669934 0.32623
9.9991E-05 0.640962 0.358938
9.9991E-05 0.879227 0.120673
0.00419069 0.735987 0.259822
0.00792051 0.733452 0.258628
0.00288904 0.728243 0.268868
9.9991E-05 0.698088 0.301812
9.999E-05 0.9998 9.999E-05
0.01738 0.773847 0.208773
0.00551237 0.771839 0.222649
9.9991E-05 0.695837 0.304063
9.9991E-05 0.320348 0.679552
0.0131295 0.877582 0.109289
9.9991E-05 0.715524 0.284376
9.9991E-05 0.651318 0.348582
9.9991E-05 0.656793 0.343107
9.9991E-05 0.361584 0.638316
0.0206836 0.700368 0.278948
0.00412121 0.75596 0.239919
0.010713 0.693036 0.296251
9.9991E-05 0.809745 0.190155
9.9991E-05 0.296571 0.703329
0.0147099 0.77773 0.20756
0.000738506 0.642912 0.356349
9.9991E-05 0.755404 0.244496
9.9991E-05 0.710276 0.289624
9.9991E-05 0.299018 0.700882
9.9991E-05 0.741049 0.258851
0.0166197 0.737075 0.246306
9.9991E-05 0.764728 0.235172
9.9991E-05 0.369045 0.630855
0.00026635 0.341223 0.658511
9.9991E-05 0.765498 0.234402
0.0159385 0.375599 0.608463
0.00238911 0.275754 0.721857
0.0124559 0.64871 0.338834
9.9991E-05 0.216781 0.783119
9.9991E-05 0.417086 0.582814
0.0565545 0.491754 0.451692
0.00557049 0.169685 0.824744
9.9991E-05 0.17995 0.81995
0.0153384 0.19931 0.785352
9.9991E-05 0.545767 0.454133
0.0162602 0.287971 0.695769
0.00266898 0.268394 0.728937
9.9991E-05 0.26067 0.73923
9.9991E-05 0.569276 0.430624
9.9991E-05 0.381739 0.618161
9.9991E-05 0.253263 0.746637
9.9991E-05 0.609086 0.390814
9.9991E-05 0.275951 0.723949
9.9991E-05 0.130133 0.869767
9.9991E-05 0.248194 0.751706
9.9991E-05 0.385746 0.614154
0.00487821 0.278953 0.716169
0.00410068 0.338974 0.656926
9.9991E-05 0.148404 0.851496
9.9991E-05 0.650981 0.34892
9.9991E-05 0.324864 0.675036
0.00176045 0.642782 0.355458
9.9991E-05 0.245541 0.754359
9.9991E-05 0.714935 0.284965
9.9991E-05 0.160053 0.839847
9.9991E-05 0.158027 0.841873
9.9991E-05 0.296725 0.703175
0.0233087 0.205255 0.771436
9.9991E-05 0.295783 0.704117
0.0123731 0.261154 0.726473
9.9991E-05 0.210987 0.788913
0.00821745 0.135442 0.856341
9.9991E-05 0.271607 0.728293
0.000867544 0.223414 0.775719
9.9991E-05 0.307557 0.692343
0.00676492 0.259936 0.733299
9.9991E-05 0.234591 0.765309
9.9991E-05 0.223633 0.776267
9.9991E-05 0.245738 0.754162
9.9991E-05 0.24944 0.75046
9.9991E-05 0.230622 0.769278
9.9991E-05 0.350002 0.649898
0.0275345 0.189155 0.78331
0.0132523 0.222633 0.764114
0.0128655 0.152765 0.83437
0.0460006 0.103243 0.850757
0.030027 0.0485615 0.921412
0.0347423 0.111295 0.853963
0.0424106 0.0570197 0.90057
0.0126026 0.135757 0.85164
0.00374216 0.12255 0.873708
0.0364206 0.0316575 0.931922
0.0270432 0.00393859 0.969018
9.9991E-05 0.112375 0.887525
0.0232318 0.121397 0.855371
0.0159499 0.0407771 0.943273
0.0347186 0.0279317 0.93735
0.0151975 0.134158 0.850644
0.0131445 0.0149543 0.971901
0.0345687 0.0190501 0.946381
0.0215377 0.148132 0.83033
0.0258367 0.179645 0.794519
0.00561307 0.0307584 0.963628
0.0308261 0.0677597 0.901414
0.0308988 0.107176 0.861926
0.0176874 0.0104057 0.971907
0.00642077 0.166914 0.826666
0.00448121 0.967885 0.0276336
9.9991E-05 0.941877 0.0580228
9.9991E-05 0.87419 0.12571
9.9991E-05 0.862518 0.137382
0.00035438 0.999546 9.9991E-05
9.9991E-05 0.872275 0.127625
9.9991E-05 0.898117 0.101783
9.9991E-05 0.865722 0.134179
0.0151092 0.865581 0.11931
0.000889548 0.99901 9.9991E-05
0.0233712 0.976529 9.9991E-05
9.999E-05 0.9998 9.999E-05
0.0312408 0.588117 0.380642
0.0281156 0.91089 0.0609943
0.016564 0.951587 0.0318487
0.019246 0.646823 0.333931
0.0495107 0.950389 9.9991E-05
9.999E-05 0.9998 9.999E-05
0.000419025 0.999481 9.9991E-05
9.9991E-05 0.12388 0.87602
9.9991E-05 0.376644 0.623256
9.9991E-05 0.191484 0.808416
0.873911 9.9991E-05 0.125989
0.84921 0.15069 9.9991E-05
0.9998 9.999E-05 9.999E-05
0.9998 9.999E-05 9.999E-05
0.243259 0.331344 0.425397
0.807618 0.0125254 0.179857
0.769676 9.9991E-05 0.230224
0.897473 0.102427 9.9991E-05
0.826193 0.034732 0.139075
0.817911 0.0127922 0.169297
0.804604 9.9991E-05 0.195296
0.808402 0.028516 0.163082
0.935689 0.0336243 0.0306868
0.9998 9.999E-05 9.999E-05
0.9998 9.999E-05 9.999E-05
