0.00596026 0.773911 0.220129
0.00876322 0.943106 0.0481303
0.0239787 0.94014 0.0358814
0.0217651 0.959277 0.0189574
9.9991E-05 0.727623 0.272277
9.999E-05 0.783687 0.216213
0.00478604 0.790786 0.204428
9.999E-05 0.768256 0.231644
0.0166617 0.935044 0.0482939
0.0381627 0.933426 0.0284116
0.0216686 0.879989 0.0983424
0.0161526 0.908784 0.0750633
0.0106021 0.989298 9.9991E-05
0.0130619 0.730304 0.256634
0.0492225 0.868504 0.0822732
0.0197166 0.148739 0.831545
9.9991E-05 0.823878 0.176022
0.0201315 0.702334 0.277535
9.9991E-05 0.768268 0.231632
9.9991E-05 0.905539 0.0943606
9.9991E-05 0.0400332 0.959867
9.9991E-05 0.128592 0.871308
9.9991E-05 0.173089 0.826811
0.00723221 0.252308 0.74046
9.9991E-05 0.0763849 0.923515
9.9991E-05 0.0966921 0.903208
9.9991E-05 0.113479 0.886421
9.9991E-05 0.163614 0.836286
0.0144976 9.9991E-05 0.985402
9.9991E-05 0.161119 0.838781
9.9991E-05 0.187664 0.812236
0.00634769 0.124258 0.869395
9.9991E-05 0.0919164 0.907984
9.9991E-05 0.132559 0.867341
9.999E-05 9.999E-05 0.9998
0.00187674 9.9991E-05 0.998023
0.000250066 9.9991E-05 0.99965
0.0141572 0.110102 0.87574
0.0173715 9.9991E-05 0.982528
0.0332581 0.929842 0.0369002
0.0179395 0.912705 0.0693554
0.00812582 0.949841 0.042033
0.00884448 0.955716 0.0354393
0.0380314 0.961869 9.9991E-05
0.0375291 0.873489 0.088982
0.0105834 0.90911 0.0803064
0.0472436 0.951131 0.0016257
0.0486016 0.923806 0.027592
0.0386766 0.954759 0.00656421
0.0374556 0.875428 0.0871164
0.0187658 0.974869 0.00636502
0.0319669 0.967933 9.9991E-05
0.0324927 0.967407 9.9991E-05
0.0304405 0.96946 9.9991E-05
0.0223079 0.977592 9.9991E-05
0.0383364 0.928401 0.033263
0.0630178 0.935509 0.00147345
0.00596115 0.0539433 0.940096
9.9991E-05 0.320218 0.679682
0.0185391 0.232221 0.74924
0.00556037 0.38527 0.60917
9.9991E-05 0.07554 0.92436
9.9991E-05 0.139996 0.859904
0.0486618 9.9991E-05 0.951238
0.00330108 0.197303 0.799396
0.0110935 0.10841 0.880496
9.9991E-05 0.326119 0.673781
9.9991E-05 0.154101 0.845799
9.9991E-05 0.214407 0.785493
0.00600888 0.273935 0.720056
9.9991E-05 0.30955 0.69035
9.9991E-05 0.194552 0.805348
9.9991E-05 0.335031 0.664869
9.9991E-05 0.0091588 0.990741
0.00359633 0.115592 0.880812
0.0103565 0.307457 0.682186
9.9991E-05 0.35717 0.64273
9.9991E-05 0.0887338 0.911166
0.00718496 0.26479 0.728025
0.00777807 0.276895 0.715327
9.9991E-05 0.270716 0.729184
9.9991E-05 0.266487 0.733413
9.999E-05 9.999E-05 0.9998
0.0154163 0.24651 0.738073
0.00801074 0.24432 0.74767
9.9991E-05 0.305657 0.694243
9.9991E-05 0.684061 0.315839
0.0138878 0.0746555 0.911457
9.9991E-05 0.279274 0.720626
9.9991E-05 0.340949 0.658951
9.9991E-05 0.32122 0.67868
9.9991E-05 0.638587 0.361313
0.00819824 0.263756 0.728046
9.9991E-05 0.275958 0.723942
0.012002 0.286762 0.701236
9.9991E-05 0.219274 0.780626
9.9991E-05 0.722934 0.276966
0.0190108 0.231055 0.749934
0.00918459 0.347297 0.643518
9.9991E-05 0.233691 0.766209
9.9991E-05 0.292589 0.707311
9.9991E-05 0.674911 0.324989
9.9991E-05 0.302963 0.696937
0.00934081 0.227554 0.763105
0.00175748 0.227416 0.770827
9.9991E-05 0.607115 0.392785
0.00237717 0.695007 0.302616
9.9991E-05 0.241696 0.758204
0.03142 0.553433 0.415147
0.00250145 0.725775 0.271723
0.0120479 0.382763 0.605189
9.9991E-05 0.774175 0.225725
0.00190843 0.582516 0.415576
0.0347887 0.527358 0.437853
0.00446787 0.776739 0.218793
9.9991E-05 0.798627 0.201273
0.0162358 0.817138 0.166626
9.9991E-05 0.465272 0.534628
0.00857998 0.694219 0.297201
0.00975376 0.724152 0.266094
9.9991E-05 0.769051 0.230849
9.9991E-05 0.415335 0.584565
9.9991E-05 0.592374 0.407526
9.9991E-05 0.752192 0.247708
9.9991E-05 0.387845 0.612055
9.9991E-05 0.710943 0.288957
9.9991E-05 0.861155 0.138745
9.9991E-05 0.760366 0.239534
9.9991E-05 0.615112 0.384788
0.007212 0.707436 0.285352
9.9991E-05 0.682479 0.317421
9.9991E-05 0.826438 0.173462
9.9991E-05 0.391395 0.608505
9.9991E-05 0.693987 0.305913
9.9991E-05 0.398892 0.601008
9.9991E-05 0.752656 0.247244
9.9991E-05 0.302574 0.697326
9.9991E-05 0.829688 0.170212
9.9991E-05 0.826155 0.173745
9.9991E-05 0.692924 0.306976
0.0125826 0.818693 0.168725
9.9991E-05 0.714025 0.285875
0.0108316 0.74072 0.248449
9.9991E-05 0.794995 0.204905
9.9991E-05 0.868261 0.131639
9.9991E-05 0.708642 0.291258
0.00838137 0.772532 0.219087
9.9991E-05 0.694769 0.305131
0.00225468 0.72727 0.270475
9.9991E-05 0.768762 0.231138
9.9991E-05 0.786991 0.212909
9.9991E-05 0.742846 0.257054
9.9991E-05 0.760429 0.239471
0.00166261 0.766219 0.232118
9.9991E-05 0.646166 0.353734
0.0276656 0.775043 0.197291
0.0236512 0.782493 0.193856
0.0126527 0.838032 0.149316
0.0442498 0.876822 0.0789283
0.0301238 0.966371 0.00350497
0.0342038 0.870551 0.0952453
0.045113 0.910474 0.044413
9.9991E-05 0.894304 0.105596
0.0170113 0.881864 0.101125
0.0414435 0.93115 0.0274064
0.0256127 0.974287 9.9991E-05
9.9991E-05 0.885376 0.114524
0.0319004 0.866891 0.101209
0.0126957 0.953291 0.0340129
0.0454742 0.878952 0.0755735
0.0277295 0.822731 0.149539
0.0193016 0.926296 0.0544026
0.0337183 0.911803 0.0544785
0.0197234 0.848908 0.131369
0.00628998 0.767797 0.225913
0.00468835 0.945927 0.0493846
0.0249542 0.948073 0.0269726
0.0257382 0.898929 0.0753324
0.00958021 0.977094 0.0133254
0.00887466 0.797435 0.19369
0.000571435 0.00941107 0.990017
9.9991E-05 0.079615 0.920285
9.9991E-05 0.105498 0.894402
9.9991E-05 0.137984 0.861916
0.00817218 9.9991E-05 0.991728
9.9991E-05 0.17327 0.82663
9.9991E-05 0.0934278 0.906472
9.9991E-05 0.138373 0.861527
0.0191729 0.101993 0.878834
0.000241929 9.9991E-05 0.999658
0.0238592 9.9991E-05 0.976041
0.00347704 9.9991E-05 0.996423
0.0447413 0.42623 0.529029
0.0242428 0.0267675 0.94899
0.0193474 0.0301338 0.950519
0.0288419 0.313863 0.657295
0.0385942 9.9991E-05 0.961306
9.999E-05 9.999E-05 0.9998
0.000955754 9.9991E-05 0.998944
9.9991E-05 0.886715 0.113185
9.9991E-05 0.619878 0.380022
9.9991E-05 0.792834 0.207066
0.861755 0.133385 0.00485993
0.850011 0.0505474 0.0994412
0.9998 9.999E-05 9.999E-05
0.9998 9.999E-05 9.999E-05
0.25902 0.443813 0.297167
0.814915 0.184985 9.9991E-05
0.768616 0.231284 9.9991E-05
0.892366 9.9991E-05 0.107534
0.826867 0.173033 9.9991E-05
0.815392 0.181119 0.00348947
0.783549 0.216351 9.9991E-05
0.806817 0.183762 0.00942069
0.939504 0.0390925 0.0214039
0.9998 9.999E-05 9.999E-05
0.9998 9.999E-05 9.999E-05
