0.207406 0.00699788 0.785596
0.0665411 0.00443788 0.929021
0.0420955 0.0193842 0.93852
0.00923893 0.0192143 0.971547
0.277593 9.9991E-05 0.722307
0.202807 9.9991E-05 0.797093
0.222235 0.000196989 0.777568
0.2181 9.9991E-05 0.7818
0.0355722 0.0161347 0.948293
0.0330717 0.0312229 0.935705
0.101016 0.0283619 0.870622
0.0803294 0.0110692 0.908601
9.9991E-05 0.0182973 0.981603
0.229884 0.0242018 0.745915
0.0699102 0.0445974 0.885492
0.849106 0.0141181 0.136776
0.201613 9.9991E-05 0.798287
0.25889 0.0201268 0.720983
0.265212 0.00125151 0.733536
0.116438 9.9991E-05 0.883462
0.943934 9.9991E-05 0.0559656
0.850138 9.9991E-05 0.149762
0.815422 9.9991E-05 0.184478
0.711724 0.0174304 0.270845
0.935362 9.9991E-05 0.0645379
0.93838 9.9991E-05 0.0615198
0.89462 9.9991E-05 0.10528
0.847247 9.9991E-05 0.152653
0.995076 0.00482445 9.9991E-05
0.832478 0.000993296 0.166529
0.846743 0.00437989 0.148877
0.86205 9.9991E-05 0.13785
0.912659 9.9991E-05 0.0872408
0.875342 9.9991E-05 0.124558
0.9998 9.999E-05 9.999E-05
0.992526 0.007374 9.9991E-05
0.99943 0.000470289 9.9991E-05
0.84566 0.0151193 0.139221
0.985312 0.014588 9.9991E-05
0.0667122 0.031958 0.90133
0.0662987 0.0375575 0.896144
0.0417764 0.00985187 0.948372
0.00398831 0.0173624 0.978649
0.0132021 0.0359473 0.950851
0.108614 0.0433128 0.848074
0.0880299 0.013496 0.898474
9.9991E-05 0.0479706 0.951929
0.0069331 0.0474708 0.945596
9.9991E-05 0.0442342 0.955666
0.0885984 0.0364532 0.874948
0.0226917 0.020572 0.956736
9.9991E-05 0.0289292 0.970971
0.0023341 0.0359185 0.961747
9.9991E-05 0.0379301 0.96197
9.9991E-05 0.00796934 0.991931
9.9991E-05 0.04118 0.95872
9.9991E-05 0.0586746 0.941225
0.94425 9.9991E-05 0.0556498
0.708707 9.9991E-05 0.291193
0.743038 0.0115717 0.24539
0.578065 0.0190299 0.402905
0.900676 0.00785747 0.0914668
0.830204 9.9991E-05 0.169696
0.952108 0.047792 9.9991E-05
0.801988 0.0144405 0.183571
0.887942 0.00610895 0.105949
0.694158 9.9991E-05 0.305742
0.865587 9.9991E-05 0.134313
0.809122 9.9991E-05 0.190778
0.716977 0.00908528 0.273938
0.707006 9.9991E-05 0.292894
0.818917 9.9991E-05 0.180983
0.659967 9.9991E-05 0.339933
0.9998 9.999E-05 9.999E-05
0.862496 0.00599275 0.131512
0.656975 0.00830623 0.334719
0.654993 9.9991E-05 0.344907
0.891721 0.00475006 0.103529
0.73342 0.00133191 0.265248
0.748338 0.00803752 0.243625
0.729295 9.9991E-05 0.270605
0.726466 9.9991E-05 0.273434
0.996677 0.00322275 9.9991E-05
0.737605 0.0135803 0.248815
0.781676 0.0108546 0.207469
0.685652 9.9991E-05 0.314248
0.284995 9.9991E-05 0.714905
0.905208 0.0190749 0.0757168
0.717201 0.000291857 0.282507
0.648098 9.9991E-05 0.351802
0.686187 9.9991E-05 0.313713
0.34415 9.9991E-05 0.65575
0.704171 0.0169206 0.278909
0.769272 9.9991E-05 0.230628
0.693373 0.0074553 0.299172
0.799185 9.9991E-05 0.200715
0.285106 9.9991E-05 0.714794
0.743663 0.00679023 0.249547
0.597129 0.000170229 0.402701
0.744665 9.9991E-05 0.255235
0.725395 9.9991E-05 0.274505
0.320465 9.9991E-05 0.679435
0.712393 9.9991E-05 0.287507
0.756742 0.00636366 0.236895
0.752186 9.9991E-05 0.247714
0.406821 0.00129399 0.591885
0.300858 0.00220919 0.696933
0.783854 9.9991E-05 0.216046
0.416577 0.0288282 0.554595
0.264745 9.9991E-05 0.735155
0.636925 0.00713835 0.355936
0.201837 9.9991E-05 0.798063
0.394324 9.9991E-05 0.605576
0.483291 0.036797 0.479912
0.217725 9.9991E-05 0.782175
0.227582 9.9991E-05 0.772318
0.196117 0.0159605 0.787922
0.566055 9.9991E-05 0.433845
0.304425 0.013025 0.68255
0.284761 9.9991E-05 0.715139
0.211167 9.9991E-05 0.788733
0.577936 9.9991E-05 0.421964
0.395525 9.9991E-05 0.604375
0.242204 9.9991E-05 0.757696
0.594638 9.9991E-05 0.405262
0.252846 9.9991E-05 0.747054
0.124999 9.9991E-05 0.874901
0.265644 9.9991E-05 0.734256
0.371936 9.9991E-05 0.627964
0.289403 9.9991E-05 0.710497
0.318887 9.9991E-05 0.681013
0.148686 9.9991E-05 0.851214
0.608657 9.9991E-05 0.391243
0.305928 9.9991E-05 0.693972
0.610904 9.9991E-05 0.388996
0.221814 9.9991E-05 0.778086
0.7207 9.9991E-05 0.2792
0.191965 9.9991E-05 0.807935
0.168258 9.9991E-05 0.831642
0.336484 0.000723327 0.662793
0.17115 0.0177317 0.811118
0.322749 9.9991E-05 0.677151
0.24776 0.00511228 0.747127
0.175504 9.9991E-05 0.824396
0.109213 9.9991E-05 0.890687
0.257396 9.9991E-05 0.742504
0.220758 0.0117653 0.767477
0.316661 9.9991E-05 0.683239
0.299301 0.000734343 0.699965
0.223767 9.9991E-05 0.776133
0.235668 9.9991E-05 0.764232
0.235127 9.9991E-05 0.764773
0.278474 9.9991E-05 0.721426
0.226453 0.00809798 0.765449
0.359794 9.9991E-05 0.640106
0.144599 0.0254307 0.82997
0.170831 0.0114613 0.817707
0.163666 0.0122189 0.824115
0.086933 0.03676 0.876307
0.0209768 0.0243545 0.954669
0.0656567 0.0258044 0.908539
0.0555289 0.0402953 0.904176
0.117571 0.0107412 0.871688
0.0886662 0.00113882 0.910195
0.00190226 0.0321533 0.965944
9.9991E-05 0.0286882 0.971212
0.108676 9.9991E-05 0.891224
0.1121 0.0293229 0.858577
0.0511982 0.0185194 0.930282
0.06756 0.0401798 0.89226
0.119202 0.0299049 0.850893
0.065169 0.0153765 0.919454
0.0442651 0.0430535 0.912681
0.135474 0.0226842 0.841842
0.244599 0.0268072 0.728594
0.0483048 0.00134112 0.950354
0.0366038 0.0258727 0.937524
0.0773915 0.0265141 0.896094
9.9991E-05 0.0137819 0.986118
0.1793 0.00508013 0.81562
0.990111 9.9991E-05 0.00978871
0.926867 9.9991E-05 0.0730327
0.898134 9.9991E-05 0.101766
0.844125 9.9991E-05 0.155775
0.996063 0.00383664 9.9991E-05
0.841877 9.9991E-05 0.158023
0.874586 9.9991E-05 0.125314
0.887593 9.9991E-05 0.112307
0.88153 0.0235511 0.0949186
0.998638 0.00126155 9.9991E-05
0.969338 0.0200372 0.0106249
0.986076 0.0138237 9.9991E-05
0.531159 0.0576746 0.411166
0.950202 0.0358129 0.0139852
0.940299 0.00263712 0.0570635
0.684849 0.0269679 0.288183
0.95233 0.0475701 9.9991E-05
0.9998 9.999E-05 9.999E-05
0.9998 9.999E-05 9.999E-05
0.101332 9.9991E-05 0.898568
0.373059 9.9991E-05 0.626841
0.184407 9.9991E-05 0.815493
9.9991E-05 0.851425 0.148475
0.108891 0.839075 0.0520337
9.999E-05 0.9998 9.999E-05
9.999E-05 0.9998 9.999E-05
0.297047 0.24094 0.462013
9.9991E-05 0.808098 0.191802
0.00408916 0.768679 0.227232
0.116107 0.881815 0.00207869
0.0160588 0.835274 0.148667
0.0260522 0.813169 0.160779
9.9991E-05 0.802878 0.197022
0.00672672 0.811864 0.18141
0.0159164 0.933216 0.0508678
9.999E-05 0.9998 9.999E-05
9.999E-05 0.9998 9.999E-05
