0.188377 0.0019612 0.809662
0.0675951 0.0149423 0.917463
0.0418305 0.0153205 0.942849
0.0337311 0.0190537 0.947215
0.293866 9.9991E-05 0.706034
0.197049 0.00444016 0.798511
0.208734 9.9991E-05 0.791166
0.224788 9.9991E-05 0.775112
0.0396987 0.0261017 0.9342
0.018498 0.0354656 0.946036
0.0849633 0.0208833 0.894153
0.0296286 0.0182814 0.95209
9.9991E-05 0.0174776 0.982422
0.261782 0.0204825 0.717736
0.0735419 0.0501877 0.87627
0.818805 0.0137257 0.167469
0.173333 9.9991E-05 0.826567
0.274531 0.0207071 0.704761
0.241811 9.9991E-05 0.758089
0.122099 9.9991E-05 0.877801
0.946624 9.9991E-05 0.0532759
0.850133 9.9991E-05 0.149767
0.832612 0.00172981 0.165658
0.747926 0.0219083 0.230166
0.944739 9.9991E-05 0.0551614
0.920627 0.000737216 0.0786354
0.866576 9.9991E-05 0.133324
0.845685 9.9991E-05 0.154215
0.9998 9.999E-05 9.999E-05
0.822458 0.00371401 0.173828
0.81931 0.00264073 0.178049
0.888735 0.00816924 0.103096
0.899637 9.9991E-05 0.100263
0.884695 9.9991E-05 0.115205
0.999663 0.000236579 9.9991E-05
0.9998 9.999E-05 9.999E-05
0.994269 0.00563068 9.9991E-05
0.833139 0.0152094 0.151652
0.973909 0.0259913 9.9991E-05
0.0438793 0.0341952 0.921926
0.0528883 0.0289999 0.918112
0.0489632 0.0120251 0.939012
0.030262 0.0203332 0.949405
9.9991E-05 0.0316287 0.968271
0.0831585 0.046402 0.87044
0.0929778 0.00971328 0.897309
9.9991E-05 0.0459603 0.95394
0.00626268 0.0502092 0.943528
9.9991E-05 0.0326427 0.967257
0.0701132 0.0332618 0.896625
0.00194714 0.0220851 0.975968
9.9991E-05 0.0403804 0.95952
0.00793224 0.0335253 0.958542
9.9991E-05 0.0299179 0.969982
9.9991E-05 0.0155023 0.984398
0.0424881 0.0402277 0.917284
0.0264332 0.0639477 0.909619
0.909128 9.9991E-05 0.0907719
0.719498 9.9991E-05 0.280402
0.777195 0.0153615 0.207444
0.578668 0.0239559 0.397376
0.895673 9.9991E-05 0.104227
0.844107 9.9991E-05 0.155793
0.947664 0.0522356 9.9991E-05
0.806933 0.00635331 0.186713
0.88035 0.00125868 0.118392
0.6646 9.9991E-05 0.3353
0.82833 9.9991E-05 0.17157
0.765832 9.9991E-05 0.234068
0.737523 0.00615065 0.256326
0.701345 9.9991E-05 0.298555
0.807913 9.9991E-05 0.191987
0.637634 9.9991E-05 0.362266
0.9998 9.999E-05 9.999E-05
0.866656 0.000405925 0.132938
0.63637 0.00574152 0.357888
0.64769 0.00217193 0.350139
0.887008 0.00239093 0.110601
0.751991 9.9991E-05 0.247909
0.763074 0.0136323 0.223293
0.706657 9.9991E-05 0.293243
0.703319 9.9991E-05 0.296581
0.994139 0.00576134 9.9991E-05
0.757389 0.0107669 0.231844
0.765533 0.00740484 0.227062
0.696991 9.9991E-05 0.302909
0.299607 9.9991E-05 0.700293
0.889765 0.018677 0.0915576
0.709909 0.00655524 0.283535
0.625878 9.9991E-05 0.374022
0.658427 9.9991E-05 0.341473
0.343459 9.9991E-05 0.656441
0.685076 0.0132676 0.301657
0.756534 9.9991E-05 0.243366
0.690037 0.0144843 0.295479
0.758485 9.9991E-05 0.241415
0.311124 9.9991E-05 0.688776
0.781545 0.0102316 0.208223
0.663065 0.00119937 0.335735
0.760278 0.000268804 0.239453
0.710403 9.9991E-05 0.289497
0.315342 9.9991E-05 0.684558
0.676581 9.9991E-05 0.323319
0.717954 0.00661641 0.27543
0.761685 9.9991E-05 0.238215
0.367945 9.9991E-05 0.631956
0.307222 0.00457321 0.688205
0.791773 9.9991E-05 0.208127
0.321932 0.0317821 0.646286
0.268353 9.9991E-05 0.731547
0.610791 0.00553076 0.383679
0.228306 9.9991E-05 0.771594
0.38979 0.000299972 0.60991
0.463456 0.0355854 0.500959
0.189546 0.00543631 0.805018
0.243744 9.9991E-05 0.756156
0.150069 0.0165162 0.833415
0.542262 9.9991E-05 0.457638
0.281614 0.00813116 0.710255
0.28068 0.0117138 0.707606
0.204886 9.9991E-05 0.795014
0.579042 9.9991E-05 0.420858
0.398171 9.9991E-05 0.601729
0.258409 9.9991E-05 0.741491
0.577267 9.9991E-05 0.422633
0.251655 9.9991E-05 0.748245
0.0987787 9.9991E-05 0.901121
0.271416 9.9991E-05 0.728484
0.360972 9.9991E-05 0.638928
0.274527 0.00101971 0.724453
0.339955 0.0143786 0.645667
0.157616 9.9991E-05 0.842284
0.621122 0.00118281 0.377695
0.308143 9.9991E-05 0.691757
0.597537 0.00805938 0.394404
0.238828 9.9991E-05 0.761072
0.724761 9.9991E-05 0.275139
0.159541 9.9991E-05 0.840359
0.150252 9.9991E-05 0.849648
0.288796 9.9991E-05 0.711104
0.149761 0.0125117 0.837727
0.269652 9.9991E-05 0.730248
0.247446 0.0161109 0.736443
0.21153 9.9991E-05 0.78837
0.136801 0.00318545 0.860013
0.282134 0.00422937 0.713637
0.177303 9.9991E-05 0.822597
0.316369 0.000146038 0.683485
0.348571 9.9991E-05 0.651329
0.26301 9.9991E-05 0.73689
0.221217 9.9991E-05 0.778683
0.250578 9.9991E-05 0.749322
0.244331 9.9991E-05 0.755569
0.197884 0.00259396 0.799522
0.340094 9.9991E-05 0.659806
0.166549 0.0263109 0.80714
0.250848 0.0305613 0.718591
0.142169 0.0152231 0.842608
0.098029 0.039082 0.862889
0.0483144 0.0314764 0.920209
0.0812772 0.0423894 0.876333
0.0702387 0.0402384 0.889523
0.108341 0.0108906 0.880768
0.0742785 0.0102329 0.915489
0.012483 0.0323881 0.955129
0.000986516 0.0298614 0.969152
0.11388 9.9991E-05 0.88602
0.0901904 0.029293 0.880517
0.0581849 0.0135478 0.928267
0.0503219 0.0398759 0.909802
0.130565 0.0207138 0.848721
0.0565632 0.0249371 0.9185
0.0324777 0.0348768 0.932645
0.134486 0.0195019 0.846012
0.194178 0.0251276 0.780695
0.0634258 0.00199455 0.93458
0.0359604 0.0305001 0.93354
0.118756 0.0415089 0.839736
0.0315301 0.0193329 0.949137
0.184594 0.00282829 0.812578
0.961622 9.99962E-05 0.0382775
0.943232 9.9991E-05 0.0566678
0.890132 9.9991E-05 0.109768
0.857488 9.9991E-05 0.142412
0.984605 0.0152945 9.9991E-05
0.838554 9.9991E-05 0.161346
0.895978 0.000248385 0.103773
0.883762 9.9991E-05 0.116138
0.856169 0.0233193 0.120511
0.993531 0.00636878 9.9991E-05
0.985575 0.0143245 9.9991E-05
0.986005 0.0138947 9.9991E-05
0.543883 0.0527448 0.403372
0.902693 0.0197277 0.0775794
0.922113 0.00236157 0.0755252
0.665982 0.0213793 0.312639
0.954226 0.0456737 9.9991E-05
0.9998 9.999E-05 9.999E-05
0.998678 0.00122205 9.9991E-05
0.0832602 9.9991E-05 0.91664
0.358022 9.9991E-05 0.641878
0.190307 9.9991E-05 0.809593
9.9991E-05 0.841164 0.158736
0.10913 0.84004 0.05083
9.999E-05 0.9998 9.999E-05
9.999E-05 0.9998 9.999E-05
0.301561 0.240325 0.458114
9.9991E-05 0.820403 0.179497
9.9991E-05 0.773705 0.226195
0.108171 0.891729 9.9991E-05
9.9991E-05 0.821593 0.178307
0.0178651 0.825536 0.156599
9.9991E-05 0.804539 0.195361
0.028318 0.805026 0.166656
0.0273924 0.949309 0.0232989
9.999E-05 0.9998 9.999E-05
9.999E-05 0.9998 9.999E-05
