9.9991E-05 0.785883 0.214017
0.00268811 0.926326 0.0709854
0.0128848 0.969042 0.0180731
0.0116782 0.936773 0.0515489
9.9991E-05 0.715602 0.284298
0.00656585 0.759427 0.234007
0.0167881 0.761972 0.22124
9.999E-05 0.748917 0.250983
0.0279516 0.938542 0.0335064
0.0327202 0.966573 0.000707126
0.0266066 0.868439 0.104955
0.00800856 0.93603 0.055961
0.0126681 0.987232 9.9991E-05
0.0266724 0.702297 0.271031
0.0552525 0.851935 0.0928125
0.013332 0.156072 0.830596
9.9991E-05 0.814086 0.185814
0.0172312 0.70967 0.273099
9.9991E-05 0.748099 0.251801
9.9991E-05 0.888136 0.111764
9.9991E-05 0.0373849 0.962515
9.9991E-05 0.160384 0.839516
9.9991E-05 0.159896 0.840004
0.0179738 0.238181 0.743846
0.00116371 0.0841045 0.914732
9.9991E-05 0.0666323 0.933268
9.9991E-05 0.117629 0.882271
9.9991E-05 0.164931 0.834969
0.00809945 9.9991E-05 0.991801
9.9991E-05 0.186607 0.813293
0.000190895 0.148055 0.851754
0.0101702 0.136978 0.852852
9.9991E-05 0.104938 0.894962
9.9991E-05 0.12723 0.87267
9.999E-05 9.999E-05 0.9998
0.00518581 9.9991E-05 0.994714
0.00238673 9.9991E-05 0.997513
0.015167 0.117956 0.866877
0.0289949 9.9991E-05 0.970905
0.0327046 0.920937 0.0463586
0.0234019 0.909769 0.0668288
0.0144449 0.939238 0.0463174
0.0183355 0.952985 0.0286796
0.0343734 0.965527 9.9991E-05
0.0352966 0.874665 0.0900386
0.00412271 0.923332 0.0725452
0.0471287 0.952771 9.9991E-05
0.0477946 0.903039 0.0491665
0.0417225 0.958177 9.9991E-05
0.0319105 0.862587 0.105503
0.0286595 0.951696 0.0196442
0.0355067 0.964393 9.9991E-05
0.036074 0.961392 0.00253406
0.035991 0.963909 9.9991E-05
0.00667667 0.993223 9.9991E-05
0.0444191 0.933775 0.0218062
0.0647482 0.929775 0.00547687
0.00715904 0.0749083 0.917933
9.9991E-05 0.278378 0.721522
0.01317 0.245003 0.741827
0.0188621 0.420081 0.561057
9.99965E-05 0.0693949 0.930505
9.9991E-05 0.164016 0.835884
0.0448622 9.9991E-05 0.955038
0.00257693 0.218626 0.778797
0.00234852 0.106026 0.891625
9.9991E-05 0.342226 0.657674
0.00960068 0.132431 0.857968
9.9991E-05 0.227625 0.772275
0.00783504 0.256694 0.735471
9.9991E-05 0.298151 0.70175
9.9991E-05 0.154081 0.845819
9.9991E-05 0.361323 0.638577
9.999E-05 9.999E-05 0.9998
9.9991E-05 0.131255 0.868645
0.00524908 0.297916 0.696835
9.9991E-05 0.361259 0.638641
0.00446624 0.130389 0.865145
0.000932388 0.285583 0.713485
0.00569158 0.243943 0.750365
9.9991E-05 0.258041 0.741859
9.9991E-05 0.277787 0.722113
0.00258232 9.9991E-05 0.997318
0.0115451 0.249434 0.739021
0.00838305 0.220592 0.771025
9.9991E-05 0.299649 0.700251
9.9991E-05 0.698975 0.300925
0.0186112 0.0508066 0.930582
0.00165053 0.309433 0.688916
9.9991E-05 0.362005 0.637895
9.9991E-05 0.323482 0.676418
9.9991E-05 0.62771 0.37219
0.0177568 0.289784 0.692459
9.9991E-05 0.22814 0.77176
0.0122986 0.298046 0.689655
9.9991E-05 0.217243 0.782657
9.9991E-05 0.672341 0.327559
0.00978088 0.214887 0.775333
0.0114708 0.319837 0.668692
9.9991E-05 0.245127 0.754773
9.9991E-05 0.271319 0.728581
9.9991E-05 0.685012 0.314888
9.9991E-05 0.281644 0.718256
0.0159391 0.231755 0.752306
9.9991E-05 0.245369 0.754531
9.9991E-05 0.616942 0.382958
0.00327558 0.66415 0.332574
9.9991E-05 0.223245 0.776655
0.0304822 0.586622 0.382896
9.9991E-05 0.707341 0.292559
0.00411045 0.336668 0.659222
9.9991E-05 0.748252 0.251648
9.9991E-05 0.581682 0.418218
0.0325157 0.505484 0.462001
9.9991E-05 0.814043 0.185857
0.00124231 0.775192 0.223566
0.0157695 0.803236 0.180995
9.9991E-05 0.45342 0.54648
0.0101737 0.70481 0.285017
0.00393785 0.690843 0.305219
9.9991E-05 0.768027 0.231873
9.9991E-05 0.422886 0.577014
9.9991E-05 0.63893 0.36097
9.9991E-05 0.750114 0.249786
9.9991E-05 0.403111 0.596789
0.00490196 0.731563 0.263535
9.9991E-05 0.860797 0.139103
9.9991E-05 0.735166 0.264734
9.9991E-05 0.625786 0.374114
9.9991E-05 0.715677 0.284223
9.9991E-05 0.679577 0.320323
9.9991E-05 0.828187 0.171713
0.00300051 0.35407 0.642929
9.9991E-05 0.667032 0.332868
0.00171517 0.404517 0.593768
9.9991E-05 0.756084 0.243816
9.9991E-05 0.297449 0.702451
9.9991E-05 0.83899 0.16091
9.9991E-05 0.807098 0.192802
9.9991E-05 0.668135 0.331765
0.0185271 0.778301 0.203171
9.9991E-05 0.723216 0.276684
0.010135 0.761588 0.228277
9.9991E-05 0.805992 0.193908
0.00139099 0.893687 0.104922
0.000693191 0.713369 0.285938
9.9991E-05 0.803728 0.196172
9.9991E-05 0.67344 0.32646
0.00283983 0.691125 0.306035
9.9991E-05 0.739681 0.260219
9.9991E-05 0.766482 0.233418
9.9991E-05 0.749713 0.250187
9.9991E-05 0.755802 0.244098
0.00499257 0.758504 0.236503
9.9991E-05 0.624793 0.375107
0.0283643 0.840081 0.131555
0.0268875 0.788525 0.184588
0.0165886 0.817893 0.165518
0.0403812 0.887542 0.0720766
0.0284165 0.917353 0.0542303
0.028417 0.933823 0.0377599
0.038725 0.917095 0.04418
9.9991E-05 0.890732 0.109168
0.00453496 0.895655 0.0998102
0.0319143 0.925087 0.0429986
0.0335775 0.966322 9.9991E-05
9.9991E-05 0.898248 0.101652
0.0284579 0.883069 0.0884726
0.0178917 0.937042 0.0450659
0.0382737 0.902684 0.0590426
0.0317854 0.819543 0.148671
0.0219228 0.936621 0.0414565
0.0436807 0.912691 0.0436284
0.02166 0.843397 0.134943
0.0113151 0.762609 0.226075
0.00477533 0.947223 0.0480015
0.0229104 0.921272 0.055818
0.0305157 0.901128 0.0683564
0.0264265 0.959602 0.0139713
0.00695155 0.786221 0.206828
0.00259827 0.0243371 0.973065
9.9991E-05 0.0773887 0.922511
9.9991E-05 0.125987 0.873913
9.9991E-05 0.150477 0.849423
0.0114577 9.9991E-05 0.988442
9.9991E-05 0.143447 0.856453
9.9991E-05 0.118623 0.881277
9.9991E-05 0.134842 0.865058
0.0213236 0.084937 0.893739
9.999E-05 9.999E-05 0.9998
0.0171936 0.0187974 0.964009
0.012802 9.9991E-05 0.987098
0.0354572 0.392006 0.572537
0.0255267 0.0593683 0.915105
0.00536917 0.0617264 0.932904
0.0233947 0.313731 0.662874
0.0401167 9.9991E-05 0.959783
9.999E-05 9.999E-05 0.9998
9.999E-05 9.999E-05 0.9998
9.9991E-05 0.895198 0.104702
9.9991E-05 0.63418 0.36572
9.9991E-05 0.814559 0.185341
0.859737 0.110176 0.0300866
0.849198 0.018069 0.132733
0.9998 9.999E-05 9.999E-05
0.9998 9.999E-05 9.999E-05
0.242673 0.416596 0.34073
0.8146 0.1853 9.9991E-05
0.770142 0.229758 9.9991E-05
0.900412 9.9991E-05 0.0994877
0.823757 0.158813 0.0174299
0.827275 0.172625 9.9991E-05
0.813768 0.186132 9.9991E-05
0.810694 0.177839 0.0114669
0.944935 0.039425 0.0156399
0.9998 9.999E-05 9.999E-05
0.9998 9.999E-05 9.999E-05
