0.218809 0.0061927 0.774998
0.0471699 0.0131307 0.939699
0.0312298 0.0224683 0.946302
0.0400027 0.0192644 0.940733
0.259308 0.00459355 0.736098
0.21045 0.00282982 0.78672
0.190368 0.00490402 0.804728
0.255617 9.9991E-05 0.744283
0.0425559 0.0198881 0.937556
0.0136894 0.0305839 0.955727
0.081883 0.0212051 0.896912
0.0533091 0.0148868 0.931804
9.9991E-05 0.0174135 0.982486
0.266781 0.0148796 0.718339
0.0990788 0.0424874 0.858434
0.845517 0.0137581 0.140725
0.158519 9.9991E-05 0.841381
0.248382 0.0193271 0.732291
0.251566 9.9991E-05 0.748334
0.108961 9.9991E-05 0.890939
0.952206 9.9991E-05 0.0476938
0.845517 9.9991E-05 0.154383
0.845166 9.9991E-05 0.154734
0.743597 0.0152538 0.241149
0.907896 9.9991E-05 0.0920044
0.946063 0.00167145 0.0522653
0.843265 9.9991E-05 0.156635
0.841532 9.9991E-05 0.158368
0.9998 9.999E-05 9.999E-05
0.812524 9.9991E-05 0.187376
0.847398 9.9991E-05 0.152502
0.834192 0.00700667 0.158801
0.892973 9.9991E-05 0.106927
0.883461 9.9991E-05 0.116439
0.995372 0.00452845 9.9991E-05
0.9998 9.999E-05 9.999E-05
0.9998 9.999E-05 9.999E-05
0.867922 0.0183128 0.113765
0.97521 0.0246904 9.9991E-05
0.0133414 0.026619 0.96004
0.0518625 0.0265692 0.921568
0.0196162 0.00828976 0.972094
0.00981309 0.0108004 0.979386
0.022907 0.0348537 0.942239
0.0715409 0.0285249 0.899934
0.0468343 0.0175122 0.935654
9.9991E-05 0.0443933 0.955507
0.0457439 0.051226 0.90303
9.9991E-05 0.0298274 0.970073
0.119967 0.0378893 0.842143
0.0325458 0.0145854 0.952869
9.9991E-05 0.0365789 0.963321
9.9991E-05 0.0378317 0.962068
9.9991E-05 0.0329064 0.966994
9.9991E-05 0.0122434 0.987657
0.0165513 0.03739 0.946059
0.0197403 0.059402 0.920858
0.895396 9.9991E-05 0.104504
0.701068 9.9991E-05 0.298832
0.758749 0.0144406 0.22681
0.580173 0.015119 0.404708
0.873945 9.9991E-05 0.125955
0.834801 9.9991E-05 0.165099
0.957426 0.042474 9.9991E-05
0.825304 0.00735343 0.167342
0.903921 0.003628 0.0924512
0.671322 9.9991E-05 0.328578
0.832555 9.9991E-05 0.167345
0.772281 9.9991E-05 0.227619
0.744062 0.00650679 0.249431
0.683728 9.9991E-05 0.316172
0.786901 9.9991E-05 0.212999
0.625197 9.9991E-05 0.374703
0.9998 9.999E-05 9.999E-05
0.883465 9.9991E-05 0.116435
0.69764 0.00502192 0.297338
0.622878 9.9991E-05 0.377022
0.881944 9.9991E-05 0.117956
0.737484 0.0131609 0.249355
0.785363 0.00728783 0.20735
0.752743 0.00407962 0.243178
0.724945 9.9991E-05 0.274955
0.9998 9.999E-05 9.999E-05
0.723067 0.0197918 0.257141
0.753844 0.00721052 0.238945
0.667513 9.9991E-05 0.332387
0.299457 9.9991E-05 0.700443
0.8819 0.022139 0.0959612
0.720159 0.00445727 0.275384
0.660582 9.9991E-05 0.339318
0.644488 9.9991E-05 0.355412
0.33751 9.9991E-05 0.66239
0.719116 0.0158279 0.265056
0.744039 0.00142339 0.254537
0.667482 0.0148154 0.317703
0.773213 0.00376361 0.223024
0.301492 9.9991E-05 0.698408
0.772105 0.00869026 0.219205
0.636193 0.00489554 0.358911
0.76818 0.0010583 0.230762
0.707453 9.9991E-05 0.292447
0.329436 9.9991E-05 0.670464
0.694826 9.9991E-05 0.305074
0.750304 0.011638 0.238058
0.745513 9.9991E-05 0.254387
0.381468 9.9991E-05 0.618432
0.307467 0.0076805 0.684853
0.771712 9.9991E-05 0.228188
0.360191 0.0451029 0.594706
0.274608 9.9991E-05 0.725292
0.672057 0.00908894 0.318854
0.244381 9.9991E-05 0.755519
0.380645 9.9991E-05 0.619255
0.499555 0.0114634 0.488981
0.189235 9.9991E-05 0.810665
0.194414 9.9991E-05 0.805486
0.163266 0.00579539 0.830939
0.579921 9.9991E-05 0.419979
0.28184 0.0078398 0.710321
0.255556 0.00175011 0.742693
0.221283 9.9991E-05 0.778617
0.562808 9.9991E-05 0.437092
0.356389 9.9991E-05 0.643511
0.263576 9.9991E-05 0.736324
0.591247 9.9991E-05 0.408653
0.28882 0.000815977 0.710364
0.111415 9.9991E-05 0.888485
0.248837 9.9991E-05 0.751063
0.392872 9.9991E-05 0.607028
0.286812 0.00446017 0.708728
0.326568 9.9991E-05 0.673332
0.149413 9.9991E-05 0.850487
0.582598 9.9991E-05 0.417302
0.316911 9.9991E-05 0.682989
0.585472 0.00803285 0.406495
0.246694 9.9991E-05 0.753206
0.717889 9.9991E-05 0.282011
0.186703 9.9991E-05 0.813197
0.155145 9.9991E-05 0.844755
0.316648 0.000397204 0.682955
0.184825 0.0201519 0.795023
0.311084 9.9991E-05 0.688816
0.251504 0.0062506 0.742245
0.222641 9.9991E-05 0.777259
0.132146 0.00182651 0.866028
0.270591 0.00604825 0.72336
0.189566 9.99996E-05 0.810334
0.329838 9.9991E-05 0.670062
0.30557 9.9991E-05 0.69433
0.249868 9.9991E-05 0.750032
0.238247 9.9991E-05 0.761653
0.247753 9.9991E-05 0.752147
0.284961 9.9991E-05 0.714939
0.232471 0.00314992 0.764379
0.388927 9.9991E-05 0.610973
0.167547 0.0140884 0.818365
0.13488 0.00976488 0.855355
0.171174 0.0115992 0.817227
0.0980678 0.0328544 0.869078
0.0401024 0.0340986 0.925799
0.112069 0.0239296 0.864002
0.0738825 0.0453075 0.88081
0.107431 0.00581204 0.886757
0.114432 0.0121317 0.873437
0.0118413 0.0358477 0.952311
9.9991E-05 0.0349579 0.964942
0.127357 9.9991E-05 0.872543
0.0999366 0.0270143 0.873049
0.0317503 0.00960631 0.958643
0.0646285 0.0384138 0.896958
0.140387 0.0267984 0.832815
0.0705563 0.0157584 0.913685
0.0392541 0.0419891 0.918757
0.127897 0.0201738 0.851929
0.224123 0.00825789 0.76762
0.0465076 0.00682484 0.946668
0.033621 0.0284547 0.937924
0.0675435 0.0316486 0.900808
0.0437401 0.0217444 0.934515
0.215166 0.0160705 0.768764
0.971781 0.00409791 0.0241214
0.926795 0.00443804 0.0687665
0.845321 9.9991E-05 0.154579
0.864149 9.9991E-05 0.135751
0.99788 0.00202032 9.9991E-05
0.832274 9.9991E-05 0.167626
0.863793 9.9991E-05 0.136107
0.888104 9.9991E-05 0.111796
0.892683 0.0184479 0.0888696
0.991542 0.00835817 9.9991E-05
0.96441 0.0252574 0.0103325
0.99064 0.00925995 9.9991E-05
0.525775 0.0512123 0.423012
0.926484 0.0204249 0.0530912
0.93464 0.00666136 0.0586986
0.640843 0.0274841 0.331673
0.957983 0.0419168 9.9991E-05
0.9998 9.999E-05 9.999E-05
0.9998 9.999E-05 9.999E-05
0.107875 9.9991E-05 0.892025
0.370618 9.9991E-05 0.629282
0.193362 9.9991E-05 0.806538
0.0123788 0.844066 0.143555
0.149072 0.850828 9.9991E-05
9.999E-05 0.9998 9.999E-05
9.999E-05 0.9998 9.999E-05
0.298054 0.236632 0.465313
0.000831139 0.81715 0.182019
9.9991E-05 0.769642 0.230258
0.102307 0.888648 0.00904557
9.9991E-05 0.826514 0.173386
9.9991E-05 0.821741 0.178159
9.9991E-05 0.819445 0.180455
0.0374616 0.809379 0.15316
0.0197032 0.938055 0.0422416
9.999E-05 0.9998 9.999E-05
9.999E-05 0.9998 9.999E-05
