0.225044 0.00242262 0.772533
0.0759861 0.011005 0.913009
0.00947864 0.0281068 0.962415
0.0447034 0.0132618 0.942035
0.272619 9.9991E-05 0.727281
0.231413 9.9991E-05 0.768487
0.173353 9.9991E-05 0.826547
0.257433 9.9991E-05 0.742467
0.0275011 0.0183186 0.95418
9.9991E-05 0.0387182 0.961182
0.0960501 0.026874 0.877076
0.0525053 0.0127724 0.934722
0.00749663 0.0205185 0.971985
0.267787 0.0170597 0.715153
0.10715 0.042441 0.850409
0.841265 0.0103544 0.14838
0.167698 9.9991E-05 0.832202
0.281065 0.0108896 0.708045
0.240822 9.9991E-05 0.759078
0.120322 9.9991E-05 0.879578
0.965898 9.9991E-05 0.0340022
0.859802 9.9991E-05 0.140099
0.843357 9.9991E-05 0.156543
0.698872 0.0055516 0.295577
0.925494 0.0014127 0.0730929
0.91751 9.9991E-05 0.0823898
0.871848 9.9991E-05 0.128052
0.83819 9.9991E-05 0.16171
0.9998 9.999E-05 9.999E-05
0.787864 9.9991E-05 0.212036
0.818393 9.9991E-05 0.181507
0.865508 0.000600726 0.133891
0.889994 9.9991E-05 0.109906
0.837275 9.9991E-05 0.162625
0.9998 9.999E-05 9.999E-05
0.9998 9.999E-05 9.999E-05
0.995073 0.00482653 9.9991E-05
0.870812 0.00754942 0.121639
0.981973 0.0179274 9.9991E-05
0.00572559 0.041378 0.952896
0.0818307 0.0164342 0.901735
0.0527538 0.0149439 0.932302
0.00840544 0.022958 0.968637
9.9991E-05 0.0322652 0.967635
0.0978642 0.0478428 0.854293
0.0690503 0.0183521 0.912598
9.9991E-05 0.0339024 0.965998
0.0395887 0.0616067 0.898805
9.9991E-05 0.0367879 0.963112
0.102577 0.0356133 0.86181
0.0274535 0.0299734 0.942573
9.9991E-05 0.0302106 0.969689
0.022786 0.0406916 0.936522
9.9991E-05 0.036581 0.963319
9.9991E-05 0.00882457 0.991075
0.0490657 0.0450703 0.905864
9.9991E-05 0.0648093 0.935091
0.911964 0.00221563 0.0858207
0.701977 9.9991E-05 0.297923
0.721307 0.0112692 0.267424
0.561919 0.0228783 0.415203
0.890135 9.9991E-05 0.109765
0.807133 9.9991E-05 0.192767
0.953732 0.0461681 9.9991E-05
0.810645 0.00547925 0.183876
0.895501 9.99924E-05 0.104399
0.650312 0.00261497 0.347073
0.833947 9.9991E-05 0.165953
0.77738 9.9991E-05 0.22252
0.74036 0.00139837 0.258241
0.702003 9.9991E-05 0.297897
0.816724 9.9991E-05 0.183176
0.685176 9.9991E-05 0.314724
0.983415 9.9991E-05 0.0164846
0.87792 0.00873215 0.113348
0.668592 0.00798933 0.323419
0.638925 9.9991E-05 0.360975
0.859199 9.99988E-05 0.140701
0.679824 0.00176821 0.318407
0.704197 0.0133614 0.282442
0.730973 0.000589577 0.268437
0.714702 9.9991E-05 0.285198
0.9998 9.999E-05 9.999E-05
0.768831 0.0037239 0.227445
0.8075 0.0127549 0.179745
0.678436 9.9991E-05 0.321464
0.326437 9.9991E-05 0.673463
0.907129 0.0181927 0.0746786
0.690162 0.000345412 0.309493
0.637492 9.9991E-05 0.362408
0.688186 9.9991E-05 0.311714
0.353751 9.9991E-05 0.646149
0.727093 0.00951698 0.26339
0.756417 0.0043332 0.23925
0.721807 0.00555031 0.272642
0.784799 9.9991E-05 0.215101
0.276273 9.9991E-05 0.723627
0.802138 0.00712398 0.190738
0.672882 0.0075569 0.319561
0.771198 9.9991E-05 0.228702
0.695161 9.9991E-05 0.304739
0.321143 9.9991E-05 0.678757
0.686653 9.9991E-05 0.313247
0.743094 0.00776851 0.249137
0.771659 9.9991E-05 0.228241
0.358946 9.9991E-05 0.640954
0.309737 0.00166946 0.688594
0.774467 9.9991E-05 0.225433
0.32461 0.0369787 0.638411
0.259906 9.9991E-05 0.739994
0.645685 0.0181064 0.336208
0.204191 0.00159763 0.794211
0.413229 9.9991E-05 0.586671
0.501264 0.0429832 0.455752
0.184602 0.00187135 0.813527
0.236729 9.9991E-05 0.763171
0.17925 0.00479406 0.815956
0.566237 9.9991E-05 0.433663
0.306582 0.0144813 0.678936
0.262332 0.00773672 0.729931
0.216325 9.9991E-05 0.783575
0.581327 9.9991E-05 0.418573
0.41669 9.9991E-05 0.58321
0.251753 9.9991E-05 0.748147
0.618779 9.9991E-05 0.381121
0.258328 9.9991E-05 0.741572
0.136144 9.9991E-05 0.863756
0.252645 9.9991E-05 0.747255
0.394771 9.9991E-05 0.605129
0.290832 0.0042321 0.704936
0.339825 9.9991E-05 0.660075
0.164294 9.9991E-05 0.835606
0.637148 9.9991E-05 0.362752
0.322873 9.9991E-05 0.677027
0.633089 9.9991E-05 0.366811
0.254617 9.9991E-05 0.745283
0.696321 9.9991E-05 0.303579
0.203994 9.9991E-05 0.795906
0.144035 9.9991E-05 0.855865
0.316772 9.9991E-05 0.683128
0.200342 0.0124126 0.787246
0.299761 9.9991E-05 0.700139
0.23631 0.0171596 0.746531
0.220229 9.9991E-05 0.779671
0.121568 9.9991E-05 0.878332
0.26704 9.9991E-05 0.73286
0.184004 0.00874832 0.807248
0.342048 9.9991E-05 0.657852
0.280816 0.00673066 0.712453
0.238071 9.9991E-05 0.761829
0.201532 9.9991E-05 0.798368
0.238632 9.9991E-05 0.761268
0.275078 9.9991E-05 0.724822
0.240746 0.00220923 0.757045
0.363922 9.9991E-05 0.635978
0.160816 0.0229047 0.816279
0.177662 0.0221498 0.800188
0.175363 0.0112276 0.81341
0.106158 0.0461252 0.847716
0.0503867 0.0238208 0.925793
0.124081 0.0288896 0.847029
0.045191 0.0392354 0.915574
0.117962 0.00699565 0.875042
0.0783326 0.0134028 0.908265
0.0210429 0.0346977 0.944259
9.9991E-05 0.0282481 0.971652
0.108057 9.9991E-05 0.891843
0.0939338 0.0350901 0.870976
0.0210544 0.0153022 0.963643
0.0429464 0.0426903 0.914363
0.154619 0.0247811 0.8206
0.106064 0.0218899 0.872046
0.0307816 0.0281174 0.941101
0.128437 0.0264576 0.845105
0.183645 0.0223191 0.794036
0.0322243 9.9991E-05 0.967676
0.0585282 0.0241427 0.917329
0.0619491 0.0341197 0.903931
0.00861304 0.0155136 0.975873
0.166526 0.009491 0.823983
0.995297 9.99903E-05 0.00460324
0.948593 0.00617537 0.0452318
0.864572 9.9991E-05 0.135328
0.853347 9.9991E-05 0.146553
0.990887 0.00901307 9.9991E-05
0.860426 9.9991E-05 0.139474
0.880638 9.9991E-05 0.119262
0.842235 9.9991E-05 0.157665
0.884307 0.0155337 0.100159
0.996764 0.00313616 9.9991E-05
0.961062 0.0226237 0.0163141
0.994539 0.00536086 9.9991E-05
0.582357 0.0329746 0.384668
0.924113 0.0219543 0.0539331
0.933338 0.0112599 0.0554024
0.648987 0.025664 0.325349
0.956102 0.0437978 9.9991E-05
0.9998 9.999E-05 9.999E-05
0.9998 9.999E-05 9.999E-05
0.11106 9.9991E-05 0.88884
0.399197 9.9991E-05 0.600703
0.225337 9.9991E-05 0.774563
9.9991E-05 0.849816 0.150084
0.129223 0.847347 0.0234301
9.999E-05 0.9998 9.999E-05
9.999E-05 0.9998 9.999E-05
0.339123 0.223466 0.437411
9.9991E-05 0.811308 0.188592
0.0145276 0.750078 0.235395
0.114148 0.885752 9.9991E-05
0.0089908 0.820243 0.170766
9.9991E-05 0.812648 0.187252
9.9991E-05 0.79541 0.20449
0.0230529 0.813454 0.163493
9.9991E-05 0.941514 0.0583857
9.999E-05 0.9998 9.999E-05
9.999E-05 0.9998 9.999E-05
