0.813957 9.9991E-05 0.185943
0.921918 0.0128375 0.065245
0.931097 0.0214479 0.0474548
0.919275 0.0259916 0.0547331
0.740102 0.00319924 0.256699
0.76506 0.00231434 0.232626
0.786851 9.9991E-05 0.213049
0.760277 9.9991E-05 0.239623
0.968495 0.0209097 0.0105953
0.913569 0.0368861 0.0495453
0.887814 0.0244058 0.08778
0.924369 0.0213604 0.0542708
0.963789 0.0142868 0.0219244
0.711444 0.0147891 0.273767
0.839385 0.0505329 0.110082
0.144172 0.0146295 0.841199
0.815198 9.9991E-05 0.184702
0.686265 0.028469 0.285266
0.750445 0.000975965 0.248579
0.897243 9.9991E-05 0.102657
0.0750121 9.9991E-05 0.924888
0.154598 9.9991E-05 0.845302
0.168214 9.9991E-05 0.831686
0.224662 0.0083801 0.766958
0.089135 9.9991E-05 0.910765
0.0968832 9.9991E-05 0.903017
0.148606 9.9991E-05 0.851294
0.178686 9.9991E-05 0.821214
9.9991E-05 0.0113945 0.988506
0.193218 9.9991E-05 0.806682
0.169542 9.9991E-05 0.830358
0.126749 0.0046429 0.868608
0.0677798 0.00216262 0.930058
0.168811 9.9991E-05 0.831089
9.9991E-05 0.00317579 0.996724
9.9991E-05 0.00774003 0.99216
9.9991E-05 0.00295291 0.996947
0.136288 0.00488589 0.858827
9.9991E-05 0.0152542 0.984646
0.921043 0.0341238 0.0448335
0.910151 0.0187839 0.0710649
0.927722 0.010329 0.0619488
0.951103 0.0103602 0.0385364
0.972336 0.0275642 9.9991E-05
0.888488 0.038041 0.0734714
0.87116 0.0170737 0.111766
0.948375 0.0432919 0.00833339
0.911436 0.0511364 0.0374276
0.963366 0.0365342 9.9991E-05
0.857991 0.0318046 0.110204
0.932333 0.0253519 0.0423153
0.974737 0.0251635 9.9991E-05
0.95915 0.0358625 0.00498741
0.970804 0.0290963 9.9991E-05
0.981437 0.0184632 9.9991E-05
0.924573 0.0398669 0.0355601
0.942499 0.0574009 9.9991E-05
0.098044 9.9991E-05 0.901856
0.277128 9.9991E-05 0.722772
0.235669 0.00858974 0.755741
0.439845 0.0119131 0.548242
0.0931508 9.9991E-05 0.906749
0.175687 9.9991E-05 0.824213
9.9991E-05 0.051384 0.948516
0.223098 0.00507368 0.771828
0.147362 0.00459233 0.848045
0.370792 9.9991E-05 0.629108
0.182767 9.9991E-05 0.817133
0.231533 9.9991E-05 0.768367
0.275952 9.9991E-05 0.723948
0.318889 9.9991E-05 0.681011
0.196053 9.9991E-05 0.803847
0.358943 9.9991E-05 0.640957
9.999E-05 9.999E-05 0.9998
0.134479 0.00141278 0.864109
0.350023 0.00584183 0.644136
0.375218 0.00287839 0.621903
0.137215 0.00103493 0.86175
0.26369 0.00177135 0.734538
0.268369 0.0117609 0.71987
0.267388 9.9991E-05 0.732512
0.284396 9.9991E-05 0.715504
9.999E-05 9.999E-05 0.9998
0.251323 0.0142928 0.734385
0.224377 0.00998245 0.76564
0.306429 9.9991E-05 0.693471
0.658036 9.9991E-05 0.341864
0.0763843 0.0239326 0.899683
0.27462 0.00290031 0.72248
0.361855 9.9991E-05 0.638045
0.339788 9.9991E-05 0.660112
0.633251 9.9991E-05 0.366649
0.286524 0.0071373 0.706339
0.20454 0.0106239 0.784836
0.304625 0.0147096 0.680665
0.225708 9.9991E-05 0.774192
0.669678 9.9991E-05 0.330222
0.227976 0.024624 0.7474
0.373542 0.00690337 0.619554
0.230383 9.9991E-05 0.769517
0.305496 9.9991E-05 0.694404
0.700598 0.00210762 0.297294
0.28194 9.9991E-05 0.71796
0.268661 0.0150647 0.716274
0.264361 9.9991E-05 0.735539
0.625302 0.00280056 0.371898
0.66958 9.9991E-05 0.33032
0.204084 9.9991E-05 0.795816
0.559278 0.0260763 0.414645
0.720999 0.0083439 0.270657
0.386487 0.0105219 0.602991
0.789934 9.9991E-05 0.209966
0.603684 9.9991E-05 0.396216
0.521955 0.0381306 0.439914
0.790697 0.00220551 0.207097
0.766046 9.9991E-05 0.233854
0.840965 0.00574409 0.153291
0.431218 9.9991E-05 0.568682
0.671569 0.0111358 0.317295
0.722287 0.00413294 0.27358
0.771682 9.9991E-05 0.228218
0.44829 9.9991E-05 0.55161
0.607519 9.9991E-05 0.392381
0.732832 9.9991E-05 0.267068
0.386913 9.9991E-05 0.612987
0.752756 9.9991E-05 0.247144
0.867738 9.9991E-05 0.132162
0.76663 9.9991E-05 0.23327
0.625095 9.9991E-05 0.374805
0.685684 0.00746702 0.306849
0.641149 0.00355496 0.355296
0.842646 9.9991E-05 0.157254
0.40557 9.9991E-05 0.59433
0.644239 9.9991E-05 0.355661
0.398621 0.00151146 0.599867
0.750714 9.9991E-05 0.249186
0.293057 9.9991E-05 0.706843
0.786181 9.9991E-05 0.213719
0.837457 9.9991E-05 0.162443
0.674437 9.9991E-05 0.325463
0.803753 0.0136035 0.182643
0.71684 9.9991E-05 0.28306
0.766055 0.0123177 0.221627
0.781626 9.9991E-05 0.218274
0.865689 9.9991E-05 0.134211
0.710226 0.00492427 0.28485
0.801112 9.9991E-05 0.198788
0.661447 9.9991E-05 0.338453
0.692173 0.00026167 0.307566
0.766636 9.9991E-05 0.233264
0.791425 9.9991E-05 0.208475
0.751762 9.9991E-05 0.248138
0.747989 9.9991E-05 0.251911
0.776033 9.9991E-05 0.223867
0.655093 9.9991E-05 0.344807
0.789142 0.0275855 0.183272
0.794051 0.0241722 0.181777
0.843301 0.00336238 0.153336
0.833306 0.0483631 0.118331
0.899771 0.0333983 0.0668311
0.869153 0.0252834 0.105564
0.899143 0.0371228 0.0637339
0.857044 9.9991E-05 0.142856
0.909893 0.00725255 0.0828548
0.92585 0.0347042 0.0394461
0.968832 0.0300175 0.00115055
0.887286 9.9991E-05 0.112614
0.861551 0.0372664 0.101183
0.957885 0.0113357 0.0307794
0.901768 0.0325678 0.0656641
0.83838 0.0309679 0.130652
0.901284 0.0178798 0.0808361
0.906954 0.0340872 0.0589583
0.836348 0.0328822 0.130769
0.751238 0.0230928 0.225669
0.944027 9.9991E-05 0.0558731
0.920868 0.0307952 0.0483372
0.87183 0.0312153 0.0969542
0.95457 0.0193342 0.0260962
0.783269 0.00989404 0.206837
0.0428939 0.00187403 0.955232
0.0716951 0.00315911 0.925146
0.116979 9.9991E-05 0.882921
0.178736 9.9991E-05 0.821164
9.9991E-05 0.00486747 0.995033
0.194779 9.9991E-05 0.805121
0.133495 0.000306937 0.866199
0.153011 9.9991E-05 0.846889
0.0842072 0.0212316 0.894561
9.9991E-05 0.00124474 0.998655
0.0221424 0.0199304 0.957927
0.0178899 0.00651061 0.975599
0.410886 0.0474373 0.541676
0.0567105 0.0236616 0.919628
0.0772939 0.00405599 0.91865
0.318872 0.0253 0.655828
9.9991E-05 0.0413002 0.9586
9.999E-05 9.999E-05 0.9998
9.999E-05 9.999E-05 0.9998
0.898778 9.9991E-05 0.101122
0.632664 9.9991E-05 0.367236
0.785658 9.9991E-05 0.214242
0.152475 0.847425 9.9991E-05
0.0080938 0.84369 0.148216
9.999E-05 0.9998 9.999E-05
9.999E-05 0.9998 9.999E-05
0.465891 0.23562 0.298489
0.196718 0.803182 9.9991E-05
0.234906 0.764931 0.000163582
9.9991E-05 0.880962 0.118938
0.180943 0.818957 9.9991E-05
0.184851 0.808202 0.00694733
0.194609 0.805291 9.9991E-05
0.160128 0.801652 0.0382199
0.0241532 0.936382 0.0394646
9.999E-05 0.9998 9.999E-05
9.999E-05 0.9998 9.999E-05
